1349404	Cartellino 嘉特莲露 真皮女包鳄鱼纹链条包休闲时尚单肩斜挎时尚小包新款 荧光橙 CAR-WB1107J	92	0	69	0	1	0.0109	0	0	0	0.9247	0.0753
1349420	Cartellino 嘉特莲露 真皮女包拉链便携方形单肩斜挎包女包糖果色时尚化妆包新款 湖水蓝 CAR-WB1110J	83	0	66	0	1	0.012	0	0	0	0.9643	0.0357
1349442	Cartellino 嘉特莲露 真皮女包拉链便携方形单肩斜挎包女包糖果色时尚化妆包新款 桃花粉 CAR-WB1110J	107	3	72	0.0093	2	0.0187	0	0	0	0.9541	0.0459
1349448	Cartellino 嘉特莲露 闺蜜必备款二合一可拆子母包女士单肩斜跨包 多功能真皮女包 红色 CAR-WB1003J	96	0	71	0	2	0.0208	1	1	1	0.9286	0.0714
1351382	Cartellino 嘉特莲露 真皮女包手提笑脸包新款欧美大号囧脸包拉链蝙蝠包 神秘黑 CAR-WB3007J	52	0	41	0	0	0	0	0	0	0.8113	0.1887
1351383	Cartellino 嘉特莲露 真皮蝙蝠包女包新款ＯＬ通勤包头层牛皮手提包斜挎包 珍珠白 CAR-WB3006J	109	0	66	0	0	0	0	0	0	0.8839	0.1161
1351392	Cartellino 嘉特莲露 真皮蝙蝠包女包新款ＯＬ通勤包头层牛皮手提包斜挎包 藏蓝色 CAR-WB3006J	74	0	49	0	1	0.0135	0	0	0	0.92	0.08
1351396	Cartellino 嘉特莲露　真皮女包手提笑脸包新款欧美大号囧脸包拉链蝙蝠包 气质蓝 CAR-WB3007J	56	0	45	0	1	0.0179	0	0	0	0.8596	0.1404
1351401	Cartellino 嘉特莲露 真皮蝙蝠包女包新款ＯＬ通勤包头层牛皮手提包斜挎包 性感酒红 CAR-WB3006J	177	5	133	0.0226	5	0.0282	0	0	0	0.8967	0.1033
1351627	Cartellino 嘉特莲露 闺蜜必备款二合一可拆子母包女士单肩斜跨包 多功能真皮女包 黑色 CAR-WB1003J	166	2	110	0.006	4	0.0241	1	1	1	0.9181	0.0819
1361415	Cartellino 嘉特莲露 甜美淑女单肩斜挎包新款潮流蝴蝶结链条复古包盖单肩斜挎包女包 柠檬黄CAR-WB1005J	407	2	311	0.0025	15	0.0369	0	0	0	0.9175	0.0825
1361418	Cartellino 嘉特莲露 甜美淑女单肩斜挎包新款潮流蝴蝶结链条复古包盖单肩斜挎包女包 玫瑰红CAR-WB1005J	205	1	138	0.0049	4	0.0195	1	1	1	0.9426	0.0574
1361422	Cartellino 嘉特莲露 甜美淑女单肩斜挎包新款潮流蝴蝶结链条复古包盖单肩斜挎包女包 熏衣紫CAR-WB1005J	495	10	328	0.0121	14	0.0283	2	2	1	0.8984	0.1016
1380517	Cartellino 嘉特莲露 真皮女士钱包长款两折新款时尚搭扣多卡位鸵鸟纹牛皮女式钱包 公主粉CAR-WB4006J	86	3	72	0.0349	2	0.0233	2	2	1	0.8444	0.1556
1380518	Cartellino 嘉特莲露 女士长款钱包真皮牛皮时尚搭扣一折长款手拿包真皮多卡位钱包 粉色 CAR-WB4002J	163	6	118	0.0245	9	0.0552	2	2	1	0.8793	0.1207
1380519	Cartellino 嘉特莲露 女士长款钱包真皮牛皮时尚搭扣一折长款手拿包真皮多卡位钱包 黑色 CAR-WB4002J	133	0	111	0	4	0.0301	2	2	1	0.913	0.087
1380521	Cartellino 嘉特莲露 女士长款钱包真皮牛皮时尚搭扣一折长款手拿包真皮多卡位钱包 玫红色 CAR-WB4002J	264	8	179	0.0189	7	0.0265	2	2	1	0.8456	0.1544
1496878	Cartellino 嘉特莲露 头层牛皮经典复古女士牛皮单肩斜挎 潮流邮差包 粉紫色 CAR-WB3012J	42	0	35	0	1	0.0238	0	0	0	0.907	0.093
1496879	Cartellino 嘉特莲露 头层牛皮经典复古女士牛皮单肩斜挎 潮流邮差包 粉紫色 CAR-WB3012J	110	1	75	0.0091	1	0.0091	0	0	0	0.9189	0.0811
1496880	Cartellino 嘉特莲露 头层牛皮经典复古女士牛皮单肩斜挎 潮流邮差包 粉紫色 CAR-WB3012J	76	0	58	0	2	0.0263	0	0	0	0.8974	0.1026
1518689	Cartellino 嘉特莲露 竹节包真皮女包时尚女士包包品牌新款手提包翅膀包斜挎小方包 CAR-WB3010J 粉紫色	316	2	275	0.0032	7	0.0222	1	1	1	0.9141	0.0859
1518695	Cartellino 嘉特莲露 头层牛皮经典复古女士牛皮单肩斜挎 潮流邮差包 湖水蓝 CAR-WB3011J	104	0	84	0	1	0.0096	0	0	0	0.9528	0.0472
1518697	Cartellino嘉特莲露 真皮女包欧美简约休闲通勤百搭牛皮大包单肩斜挎购物袋女包新款 CAR-WB3008J 枚红色	58	0	53	0	1	0.0172	0	0	0	0.8475	0.1525
1518711	Cartellino 嘉特莲露 竹节包真皮女包时尚女士包品牌新款手提包翅膀包斜挎小方包 CAR-WB3010J 米黄色	235	1	181	0.0043	4	0.017	2	2	1	0.9121	0.0879
1518714	Cartellino 嘉特莲露 真皮女包新款竹节潮流苏包复古荔枝纹真皮单肩斜挎包邮差信封包 CAR-WB1114J 米黄色	71	0	58	0	0	0	0	0	0	0.9577	0.0423
1518717	Cartellino嘉特莲露 真皮女包欧美简约休闲通勤百搭牛皮大包单肩斜挎购物袋女包新款 CAR-WB3008J 孔雀蓝	60	0	55	0	1	0.0167	0	0	0	0.9672	0.0328
1518723	Cartellino嘉特莲露 真皮女包欧美简约休闲通勤百搭牛皮大包单肩斜挎购物袋女包新款 CAR-WB3008J 荧光橙	16	0	15	0	0	0	0	0	0	1	0
1518728	Cartellino嘉特莲露 真皮女包欧美简约休闲通勤百搭牛皮大包单肩斜挎购物袋女包新款 CAR-WB3008J 深紫色	76	0	72	0	1	0.0132	0	0	0	0.974	0.026
1518729	Cartellino 嘉特莲露 真皮女包新款竹节潮流苏包复古荔枝纹真皮单肩斜挎包邮差信封包 CAR-WB1114J 浅紫色	62	0	50	0	0	0	1	1	1	0.9194	0.0806
1578610	Cartellino嘉特莲露 真皮女包欧美OL通勤百搭肩挎包菱格纹牛皮大包时尚购物袋女包 深蓝色 CAR-WB1001JLHC	6	0	5	0	0	0	0	0	0	1	0
1578624	Cartellino嘉特莲露 真皮女包欧美OL通勤百搭肩挎包菱格纹牛皮大包时尚购物袋女包  红色CAR-WB1001JLHC	4	0	4	0	0	0	0	0	0	1	0
1578625	Cartellino嘉特莲露 真皮女包欧美OL通勤百搭肩挎包菱格纹牛皮大包时尚购物袋女包 深紫色 CAR-WB1001JLHC	18	1	16	0.0556	2	0.1111	0	0	0	0.9	0.1
1578626	Cartellino嘉特莲露 真皮女包欧美OL通勤百搭肩挎包菱格纹牛皮大包时尚购物袋女包 黑色 CAR-WB1001JLHC	19	0	14	0	1	0.0526	0	0	0	0.95	0.05
1604143	Cartellino 嘉特莲露 新款真皮女包欧美潮流头层牛皮手提斜挎包方形包女包翅膀包  浅紫色 CAR-WB1111JLHC-2	12	0	11	0	1	0.0833	0	0	0	0.9231	0.0769
1604145	Cartellino 嘉特莲露 复古邮差包女包韩版学院风手提包女士单肩斜挎方形包新款 玫红 CAR-WB1103JLHC-2	8	0	8	0	0	0	0	0	0	1	0
1604155	Cartellino 嘉特莲露 撞色通勤女包OL欧美款式真皮女包手提单肩斜挎蝙蝠包翅膀包 玫红色 CAR-WB1109JLHC-2	4	0	4	0	0	0	0	0	0	1	0
1604157	Cartellino 嘉特莲露 复古邮差包女包韩版学院风手提包女士单肩斜挎方形包新款 浅紫色 CAR-WB1103JLHC-2	4	0	4	0	0	0	0	0	0	1	0
1604161	Cartellino 嘉特莲露 撞色通勤女包OL欧美款式真皮女包手提单肩斜挎蝙蝠包翅膀包 性感酒红 CAR-WB1109JLHC-2	1	0	1	0	0	0	0	0	0	1	0
1604162	Cartellino 嘉特莲露 撞色通勤女包OL欧美款式真皮女包手提单肩斜挎蝙蝠包翅膀包 夜空蓝 CAR-WB1109JLHC-2	5	0	5	0	0	0	0	0	0	1	0
1604163	Cartellino 嘉特莲露 新款真皮女包欧美潮流头层牛皮手提斜挎包方形包女包翅膀包 裸粉色 CAR-WB1111JLHC-2	25	0	21	0	1	0.04	0	0	0	0.8846	0.1154
1604166	Cartellino 嘉特莲露 新款真皮女包欧美潮流头层牛皮手提斜挎包方形包女包翅膀包 米黄色 CAR-WB1111JLHC-2	14	0	11	0	1	0.0714	0	0	0	0.9333	0.0667